$ANSIBLE_VAULT;1.1;AES256
34323636343363666565386633633633353962343362616434326265393665303739623836393062
3630386231646538376436613838383832326664333436320a326332303963663237323730623762
66613233376561653435343830633139373033316135313337666464393466363063663964373630
6432616138386131310a323061626165306434643434386636383465373632386661643534623236
35316362323335303339373463343163373066383133646666643633646161636331613961663336
34333035656231313366323165663438653362653030663263363265366263353732383939323630
63393636653330353932306631353030313133643466383638303537613863353762313733353438
38336466623233646233643632623063376537653161383862383930353233356233353364313364
34656632316664316336636136643333633030643464623137643138303361633532326463633332
38333331616633373762313136633263353032326530383839343135363966366439376362356537
36383137383461666364343538333865656437643961313737626465373235653931306132336163
37626136316232623563613963396166633539396230386265656365393235636436653465373565
64303065666661346630633338393633663936626235333436623463306430646566663533366437
32333036333432653765383733363139326636386464663436353939653937323932623138613337
37373737626633323161373233336432646334656533643537383266643539313135646637353537
39663233623261376134396565396161373438346665376664336539353835373633316262666237
38623236366231313436653531336435326163363737336665653464303737333038366438353533
38643334336562373332653938303232316330643739336535323161646662646438383965306130
64366265366563333035366334376162613437636433373263663235383537373864333439323132
31363336613164666639653934323138613434343863323135313836636265336536656331346234
30326339353637666466623763373964366535336637376462373364366533333763316532396535
31306132343539653362636663356563623531376638356635663235366230653834616232653839
64353063396536386165636461633861363166653365646266393939386162313464633837653132
38663239353831376531306633326436323538636665326331363261393230393834343134353361
31346637323534363435336639623765353432326534626661336430383565633930666339653932
37373561363939643562386264643437626163366230666665646430386132333934333363313837
64393639333134323639613665363632666462366537663537333262386137626531653138643563
65363563396263616238373964626236326337313434633032373463643737326666646135383938
36656565616233633230346139663532386530303438303936636262383661306134303534303932
62323761306533386561376637336566383633636434653235353065373934336435623038383633
38346161616631363637633530623637383365346464613836646537656235333033643330663562
32616333646362303336323330643437346431313732393532653535623337626239396139666362
36666332363636396164623733623134636136666534363835646539363064373261306364386139
35383237646438656531663130393038613831653331313663383264383335313433646337613639
38616562353438396332656433643966363932376461336638346335613138633036356563393161
31646364626464316563393130336536316166376538633833643965653361353562303631316433
38306139336435343031633362306336643566613264373139393433313665323736633331646361
38616462346361343164333265316361623630356531393338383562333733653933643234363766
64366137336332626131666161643634346530313831616634333362343365336562636436376630
37336133643965363336313761646433663262616362653662333939393838353034636433396465
33306633366530343432313562353138656333326331366532306137313731376164636230613534
35353433633030636439646634663237323765323532346336623234616162313963623238653266
39323338373161626130316233313837636464376661366539653134353939633934643235363565
64316136316166636363623733323838386433393934613531636638626566376430666237336433
36313665343832353537313431663164383334366434323436616234383931636234623133613534
30626236303132336234386631353932616438303064376334613063333439663564343263646633
38373437333565333062616363383164623032373039613132613566373461383764643431336334
34383732363064333161323733643937376236313338633937313861623163616531313664636436
34383461633437663439356537663063663165333536376633366634666463663738393362353939
34316463616537303264333434633264666630613561623662386136316462306563626136333064
32373765363562383938366163326633303337666236623064366265616262633538333030623735
35303662386161343933356561303439346461663033393964333033306462656136626430633931
37643439356636646635373666333939633766623563626661613761633434613264376562623737
31306466613761663663323230366163316237303432646266613738313661396432306263366262
32613338303533373731666335646364383035636461663536626639323833306233346235303539
65643036323966366263356561383466336264613665333234313638623563613361636532393063
61636432383932343361613562643164656534363535663034653932353462353233376566616163
65373437643462613663616430633662306535313538633464396631633062346561393932633937
63376337663161313231386265643331396333396661303937343531636437366137333937336363
32623538613462376261663664386464373330366536333436333165343961626165636430626536
61396334346536343534666338313866353232306263383961376130643634316261323532353737
37373064346365663039663036333537633230396664346562313232306430636139393035363036
38383964313236656535623864353866326637306136343139633436396436663165373037373935
39383034393265613362393162653562623335333532623462313966646534613365663036393466
61663264386235313631643765343134353933313663353935386532393962323062613863376237
39383536323466653035666261353934363036643661373366356134343234393964663537633962
35623732646466633230623637396630313731353163343061623035306562663461663563353666
31386133613139373132613163333962623564646363306531643834326639363063663566336236
39386637363634663738363966326236396165656133343732303465643561373564613835366165
61363964393136346264653763373963386363323335333766656365633235336664336234343162
64376430353033346532366133326537613865613232623762623433613333653638336663393631
34316364656338313566343766366530363630376665363036323663656466313665663563303062
34336435363030653135396366656331323636626436633737613737383832333630616461633132
37346639316134303065393731663837336333663564623836303130343066303231323936356539
65373337653165323366326562646535306434633861383736336266303363343637353862323630
33323265373963366466303833646466666331343130646439636430353437376133383663363162
66626533663038366132313631386231376633326662323663626162313931323737333635346438
31363236343933326162326462646135346262386538623335323562383833613132373339323730
38653061316335366330326165376639356535633662636137336332666661323335646364366364
32346132326337313132396261616263376430306133393937383061336231626532613530383137
38326536333064366136393163323665643636303164313037313932313139323438663461616661
64386236316538656163643838373066383631373330613335336263616362623065306339616265
34636631303136373331316663303632326239303634663265353134376432386466613234653330
66393665303034336537373032356164313762303439656138343165343233386537333034336464
36373431646164373763366432313931326435656166313838656366313335356336616365333561
66383138643562666262383366633962646534333966396239663165663336396239626161633964
36353032643564333966353739386233363461343233623432343032333835333766663064373138
32363235346537333031373662633530353063663265316666333139613862336162343766646561
30306532653366306162353038643466333662333735356339306435626563616165346263613537
38613863613566643338626330303766336561663539383932303339656662616538313238343937
63326234353438646163313231343937613863383439313034633833383539616335326139396165
61306165363238346338376563313835303265383465376662333135373734333132363736616130
33626136663731396430646634363935323332363265323061313666353761636462653239383432
64373735303334396439356131643533346161396238343265356431616634343361613331643231
34636133323535613166333532303737653963656238306639633535376264656439623036363131
66376536373636363362383236306239383933663465656235633232303731313733306332333735
31373537643263366236313834636337383834623838346161333332393934303061643862336135
31636465323336646663376562623666613735633965656339373263306137613533393266306563
37343734383063313438396535393234313339636565343835633639616264363535396438333265
39373933313432613636656330386630306363626332643266386636646334373138303863313030
33393066383837306464636238636366626632303731303938303863336134336362356532643432
34333134613135333563626533363638626239346535666565373837373734646663623336366638
32383961653363633564363633336330613736653162356435306534336666366239326635313331
38373438376231353664376238666561333839663738336636616232373632326334653939373539
64363565323464303466396465313864616231643866313130336134613339326462613864363739
31356137383461326136333539653034386134623037373832653539653734396235653732363162
30626135623130303336333437363264646538326261346164653262643264363737376437626564
34383066656133356131343337383666363137336239303532346238633639663066623434343433
33376261393566346563666366653238623836373736323461316164646435336437663939386430
62313936373264356663333439323532616133386261393030356337386365623164313437353161
64626662366632343065636237646364323433656664623266356235363433396239353137636533
30313433386464366232303335303764656465613538626163663635633037656131333930376432
36393162656230643665383330363939313233306266616463613630336239363936316132643835
62376636346166346366646262303763633733633630653630636135623665383866613864306432
61663761393064393561656537653433326365663366386139636632343264643565306161393165
65386635323030393962663033626632383835386263363563326466666238313934633131343639
61363861313634653838393666656365356164343766336661653239633665616237366531366639
39656437623465316639613136616166643061623161343763623539313664636335626439343762
35343235313334346262366531323263363434386664616237343637636461333166333663363666
35633332626533373363313139316661363730616630396466613861646661313536393730613437
38383066373232313162373438653761336431316235316433326162396337313464323739333637
32366338306431623261613739333738613833313131613830336633396266326462386134343935
35343336613938326437353165326237343538353037663365353062623834323465343734363266
33623234633332323233326533643439343065393533613438353934656439383765373664333866
32353462373534633034653864303364323731313863646633623461623365653630346161326464
38363934613338386134626333626462643439303965366139383662626231643036653764333333
39363464323761373237613039373761353432383866626439313636386431343363366333383665
36376561646336626638353935643461376464383162313962386638343761626464383838373733
37303239353231303566393332666331323465623765376662373437613432626366303936656138
64323161383935613039613462663631393065303638663166366262333333616464626665626336
36383262343532386238616664306662383635343239616164633339313438626263323931366239
39303362353038333136383261656238373839313736633532373965306639643865326235346632
39323138633738366662313531316239386630643433656336663334313939363636313865376535
66646238646137613434646636356537343061343661306535643433373730346133613831626639
31363638623965633738613861343035333230336335373966623838636437636133613436343463
36323761643166343963643463613662653763663563366363353231363461613331323933313737
6130
